IGHV3-98	1	75	76	99	100	150	151	174	175	288	VH	0
IGHV3-96	1	75	76	99	100	150	151	174	175	288	VH	0
pIGHV3-89	1	75	76	99	100	150	151	174	175	288	VH	0
IGHV3-87	1	75	76	99	100	150	151	174	175	288	VH	0
IGHV3-84	1	75	76	99	100	150	151	174	175	288	VH	0
pIGHV3-83	1	75	76	99	100	150	151	174	175	289	VH	0
pIGHV3-82	1	75	76	99	100	150	151	174	175	288	VH	0
pIGHV3-81	1	75	76	99	100	150	151	174	175	288	VH	0
IGHV3-79	1	75	76	99	100	150	151	174	175	288	VH	0
pIGHV3-78	1	75	76	99	100	150	151	174	175	273	VH	0
IGHV3-72	1	75	76	99	100	150	151	174	175	288	VH	0
IGHV1-69	1	75	76	99	100	150	151	174	175	288	VH	0
IGHV3-68	1	75	76	99	100	150	151	174	175	288	VH	0
IGHV1-65	1	75	76	99	100	150	151	174	175	288	VH	0
IGHV3-62	1	75	76	99	100	150	151	174	175	288	VH	0
IGHV3-61	1	75	76	99	100	150	151	174	175	288	VH	0
IGHV3-58	1	75	76	99	100	150	151	174	175	288	VH	0
IGHV7-54	1	75	76	99	100	150	151	174	175	288	VH	0
IGHV3-53	1	75	76	99	100	150	151	174	175	288	VH	0
IGHV3-52	1	75	76	99	100	150	151	174	175	288	VH	0
IGHV3-50	1	75	76	99	100	150	151	174	175	288	VH	0
IGHV1-48	1	75	76	99	100	150	151	174	175	288	VH	0
IGHV3-46	1	75	76	99	100	150	151	174	175	288	VH	0
IGHV3-45	1	75	76	99	100	150	151	174	175	288	VH	0
IGHV3-44	1	75	76	99	100	150	151	174	175	288	VH	0
IGHV3-42	1	75	76	99	100	150	151	174	175	288	VH	0
pIGHV3-41	1	75	76	99	100	150	151	171	172	285	VH	0
pIGHV3-39	1	75	76	99	100	150	151	174	175	288	VH	0
IGHV3-38	1	75	76	99	100	150	151	174	175	288	VH	0
orfIGHV7-36	1	75	76	99	100	150	151	174	175	288	VH	0
IGHV3-34	1	75	76	99	100	150	151	174	175	288	VH	0
IGHV3-32	1	75	76	99	100	150	151	174	175	288	VH	0
IGHV3-29	1	75	76	99	100	150	151	174	175	288	VH	0
IGHV3-28	1	75	76	99	100	150	151	171	172	285	VH	0
IGHV3-25	1	75	76	99	100	150	151	174	175	288	VH	0
IGHV7-23	1	75	76	99	100	150	151	174	175	288	VH	0
IGHV3-22	1	75	76	99	100	150	151	174	175	288	VH	0
IGHV3-20	1	75	76	99	100	150	151	174	175	288	VH	0
IGHV3-17	1	75	76	99	100	150	151	174	175	288	VH	0
IGHV3-16	1	75	76	99	100	150	151	174	175	288	VH	0
IGHV7-14	1	75	76	99	100	150	151	174	175	288	VH	0
IGHV3-13	1	75	76	99	100	150	151	174	175	288	VH	0
IGHV3-11	1	75	76	99	100	150	151	174	175	288	VH	0
pIGHV3-10	1	75	76	99	100	150	151	171	172	285	VH	0
IGHV3-8	1	75	76	99	100	150	151	174	175	288	VH	0
IGHV7-5	1	75	76	99	100	150	151	174	175	288	VH	0
IGHV3-4	1	75	76	99	100	150	151	174	175	288	VH	0
orfIGHV3-3	1	75	76	99	100	150	151	174	175	288	VH	0
IGHV4-2	1	75	76	102	103	149	150	168	169	282	VH	0
IGHV3-43*01-IMGT-IGHV3-53	1	75	76	99	100	150	151	174	175	288	VH	0
IGHV3-32*01-IMGT	1	75	76	99	100	150	151	174	175	288	VH	0
IGHV7-26*01-IMGT	1	75	76	99	100	150	151	174	175	288	VH	0
IGHV3-20*01-IMGT-IGHV3-20	1	75	76	99	100	150	151	174	175	288	VH	0
pIGHV3-10*01-IMGT-IGHV3-10	1	75	76	99	100	150	151	171	172	285	VH	0
IGHV3-4*01-IMGT-IGHV3-4	1	75	76	99	100	150	151	174	175	288	VH	0
orfIGHV3-3*01-IMGT-orfIGHV3-3	1	75	76	99	100	150	151	174	175	288	VH	0
IGKV8-86*01	1	78	79	96	97	147	148	156	157	264	VK	0
IGKV2-85*01	1	78	79	111	112	162	163	171	172	279	VK	0
orfIGKV2-83*01	1	78	79	111	112	162	163	171	172	279	VK	0
IGKV2-82*02	1	78	79	111	112	162	163	171	172	279	VK	0
IGKV2-82*01	1	78	79	111	112	162	163	171	172	279	VK	0
IGKV2-80*01	1	78	79	111	112	162	163	171	172	279	VK	0
IGKV2-79*01	1	78	79	111	112	162	163	171	172	279	VK	0
pIGKV2-78*01	1	76	77	107	108	158	159	167	168	275	VK	0
IGKV2-75*01	1	78	79	111	112	162	163	171	172	279	VK	0
IGKV2-74*02	1	78	79	111	112	162	163	171	172	279	VK	0
IGKV2-74*01	1	78	79	111	112	162	163	171	172	279	VK	0
pIGKV2-73*02	1	77	78	104	105	153	154	162	163	269	VK	0
pIGKV2-73*01	1	77	78	103	104	153	154	162	163	269	VK	0
pIGKV2-70*01	1	78	79	111	112	162	163	171	172	279	VK	0
IGKV2-69*01	1	78	79	111	112	162	163	171	172	279	VK	0
IGKV3-67*01	1	78	79	96	97	147	148	156	157	264	VK	0
pIGKV2-66*02	1	78	79	111	112	162	163	171	172	279	VK	0
IGKV7-65*01	1	78	79	114	115	165	166	174	175	282	VK	0
IGKV4-64*02	1	78	79	114	115	165	166	174	175	282	VK	0
IGKV1-63*01	1	78	79	96	97	147	148	156	157	264	VK	0
IGKV8-62*01	1	78	79	96	97	147	148	156	157	264	VK	0
pIGKV2-61*01	1	78	79	111	112	162	163	171	172	279	VK	0
pIGKV2-60*01	1	78	79	111	112	162	163	171	172	279	VK	0
IGKV3-58*02	1	78	79	96	97	147	148	156	157	264	VK	0
orfIGKV1-57-2	1	78	79	96	97	147	148	156	157	264	VK	0
IGKV2-55*02	1	78	79	111	112	162	163	171	172	279	VK	0
IGKV2-55*01	1	78	79	111	112	162	163	171	172	280	VK	0
IGKV2-53*02	1	78	79	111	112	162	163	171	172	279	VK	0
IGKV2-53*01	1	78	79	111	112	162	163	171	172	279	VK	0
IGKV3-51*01	1	78	79	96	97	147	148	156	157	264	VK	0
IGKV3-48*01	1	78	79	96	97	147	148	156	157	264	VK	0
pIGKV1-47*01	1	78	79	96	97	147	148	156	157	264	VK	0
IGKV2-45*01	1	78	79	111	112	162	163	171	172	279	VK	0
IGKV2-44*01	1	78	79	111	112	162	163	171	172	279	VK	0
orfIGKV3-43-2	1	78	79	96	97	147	148	156	157	264	VK	0
IGKV2-40*01	1	78	79	111	112	162	163	171	172	279	VK	0
IGKV2-38*01	1	78	79	111	112	161	162	162	163	270	VK	0
IGKV2-37*01	1	81	82	114	115	165	166	174	175	282	VK	0
IGKV2-36*01	1	78	79	111	112	162	163	171	172	279	VK	0
IGKV3-34*01	1	78	79	96	97	147	148	156	157	264	VK	0
IGKV2-32*01	1	78	79	111	112	162	163	171	172	279	VK	0
IGKV2-31*01	1	78	79	111	112	162	163	171	172	279	VK	0
IGKV2-28*01	1	78	79	111	112	162	163	171	172	279	VK	0
IGKV3-26*01	1	78	79	96	97	147	148	156	157	264	VK	0
IGKV2-25*01	1	78	79	111	112	162	163	171	172	279	VK	0
IGKV2-23*02	1	78	79	111	112	162	163	171	172	279	VK	0
IGKV2-23*01	1	78	79	111	112	162	163	171	172	279	VK	0
IGKV2-22*02	1	78	79	111	112	162	163	171	172	279	VK	0
IGKV2-22*01	1	78	79	111	112	162	163	171	172	279	VK	0
IGKV3-21*02	1	78	79	96	97	147	148	156	157	264	VK	0
IGKV3-21*01	1	78	79	96	97	147	148	156	157	264	VK	0
IGKV2-19*02	1	78	79	111	112	162	163	171	172	279	VK	0
IGKV2-19*01	1	78	79	111	112	162	163	171	172	279	VK	0
IGKV3-17-2	1	78	79	96	97	147	148	156	157	264	VK	0
IGKV3-17-1	1	78	79	96	97	147	148	156	157	264	VK	0
IGKV3-15-2	1	78	79	96	97	147	148	156	157	264	VK	0
IGKV3-15-1	1	78	79	96	97	147	148	156	157	264	VK	0
IGKV8-13*02	1	78	79	96	97	147	148	156	157	264	VK	0
IGKV8-13*01	1	78	79	96	97	147	148	156	157	264	VK	0
orfIGKV2-9*01	1	78	79	111	112	162	163	171	172	279	VK	0
IGKV2-8*01	1	78	79	111	112	162	163	171	172	279	VK	0
IGKV2-7-2	1	78	79	111	112	162	163	171	172	279	VK	0
IGKV2-7*01	1	78	79	111	112	162	163	171	172	279	VK	0
pIGKV3-6*02	1	78	79	96	97	147	148	156	157	264	VK	0
IGKV2-3*01	1	78	79	111	112	162	163	171	172	279	VK	0
pIGKV7-2*01	1	78	79	114	115	165	166	174	175	282	VK	0
IGKV3-1*01	1	78	79	96	97	147	148	156	157	264	VK	0
orfIGKV2-12*01	1	78	79	111	112	162	163	163	163	270	VK	0
orfIGKV2-12*02  1       78      79      111     112     162     163     163     163     270     VK      0
IGLV3-1*01	1	75	76	93	94	144	145	153	154	261	VL	0
IGLV4-5*01	1	75	76	96	97	147	148	168	169	276	VL	0
IGLV3-6*01	1	75	76	93	94	144	145	153	154	261	VL	0
IGLV3-8*01	1	75	76	93	94	144	145	153	154	261	VL	0
orf-IGLV3-11*01	1	75	76	93	94	144	145	153	154	261	VL	0
orf-IGLV3-13*01	1	75	76	93	94	144	145	153	154	261	VL	0
IGLV3-14*01	1	75	76	93	94	144	145	153	154	261	VL	0
IGLV3-17*01	1	75	76	93	94	144	145	153	154	261	VL	0
IGLV3-18*01	1	75	76	93	94	144	145	153	154	261	VL	0
IGLV3-20*01	1	75	76	93	94	144	145	153	154	261	VL	0
IGLV3-22*01	1	75	76	93	94	144	145	153	154	261	VL	0
IGLV4-23*01	1	75	76	96	97	147	148	168	169	276	VL	0
IGLV3-20D*01	1	75	76	93	94	144	145	153	154	261	VL	0
IGLV3-18D*01	1	75	76	93	94	144	145	153	154	261	VL	0
IGLV3-17D*01	1	75	76	93	94	144	145	153	154	261	VL	0
IGLV4-26*01	1	75	76	96	97	147	148	168	169	276	VL	0
IGLV3-29*01	1	75	76	93	94	144	145	153	154	261	VL	0
IGLV3-33*01	1	75	76	93	94	144	145	153	154	261	VL	0
IGLV3-36*01	1	75	76	90	91	141	142	150	151	258	VL	0
IGLV3-38*01	1	75	76	93	94	144	145	153	154	261	VL	0
IGLV3-39*01	1	75	76	93	94	144	145	153	154	261	VL	0
IGLV3-41*01	1	75	76	93	94	144	145	153	154	261	VL	0
IGLV3-45*01	1	75	76	93	94	144	145	153	154	261	VL	0
IGLV3-46*01	1	75	76	93	94	144	145	153	154	261	VL	0
IGLV3-47*01	1	75	76	93	94	144	145	153	154	261	VL	0
IGLV3-49*01	1	75	76	93	94	144	145	153	154	261	VL	0
IGLV3-50*01	1	75	76	93	94	144	145	153	154	267	VL	0
IGLV4-54*01	1	75	76	96	97	147	148	168	169	276	VL	0
IGLV3-56*01	1	75	76	93	94	144	145	153	154	261	VL	0
IGLV3-57*01	1	75	76	93	94	144	145	153	154	261	VL	0
IGLV3-60*01	1	75	76	93	94	144	145	153	154	261	VL	0
orf-IGLV4-62*01	1	75	76	96	97	147	148	168	169	276	VL	0
IGLV7-69*01	1	75	76	102	103	153	154	162	163	270	VL	0
IGLV5-71*01	1	75	76	102	103	153	154	174	175	288	VL	0
IGLV1-73*01	1	69	70	111	112	162	163	171	172	279	VL	0
IGLV8-77*01	1	75	76	102	103	153	154	162	163	270	VL	0
IGLV1-79*01	1	75	76	99	100	150	151	159	160	264	VL	0
IGLV11-81*01	1	75	76	102	103	153	154	174	175	288	VL	0
IGLV8-84*01	1	75	76	102	103	153	154	162	163	270	VL	0
IGLV1-88*01	1	75	76	102	103	153	154	162	163	270	VL	0
orf-IGLV5-91*01	1	75	76	102	103	153	154	174	175	282	VL	0
IGLV11-98*01	1	75	76	102	103	153	154	174	175	287	VL	0
IGLV11-109*01	1	75	76	102	103	153	154	174	175	288	VL	0
IGLV1-112*01	1	75	76	102	103	153	154	162	163	270	VL	0
IGLV1-116*01	1	75	76	99	100	150	151	159	160	267	VL	0
IGLV11-130*01	1	75	76	102	103	153	154	174	175	288	VL	0
