gray_wolf_IGHV_1	1	75	76	99	100	150	151	174	175	288	VH	0
gray_wolf_IGHV_2	1	75	76	99	100	150	151	174	175	288	VH	0
gray_wolf_IGHV_3	1	75	76	99	100	150	151	174	175	288	VH	0
gray_wolf_IGHV_4	2	75	76	99	100	150	151	174	175	288	VH	0
gray_wolf_IGHV_5	1	75	76	99	100	150	151	174	175	288	VH	0
gray_wolf_IGHV_6	1	75	76	99	100	150	151	174	175	288	VH	0
gray_wolf_IGHV_7	1	75	76	99	100	150	151	174	175	288	VH	0
gray_wolf_IGHV_8	1	75	76	99	100	150	151	174	175	288	VH	0
gray_wolf_IGHV_9	1	75	76	99	100	150	151	174	175	288	VH	0
gray_wolf_IGHV_10	1	75	76	99	100	150	151	174	175	288	VH	0
gray_wolf_IGHV_11	1	75	76	99	100	150	151	174	175	288	VH	0
gray_wolf_IGHV_12	1	75	76	99	100	150	151	174	175	288	VH	0
gray_wolf_IGHV_13	1	75	76	99	100	150	151	174	175	288	VH	0
gray_wolf_IGHV_14	1	75	76	99	100	150	151	174	175	288	VH	0
gray_wolf_IGHV_15	2	75	76	99	100	150	151	174	175	288	VH	0
gray_wolf_IGHV_16	1	75	76	99	100	150	151	174	175	288	VH	0
gray_wolf_IGHV_17	1	75	76	99	100	150	151	174	175	288	VH	0
gray_wolf_IGHV_18	1	75	76	99	100	150	151	174	175	288	VH	0
gray_wolf_IGHV_19	3	75	76	99	100	150	151	174	175	288	VH	0
gray_wolf_IGHV_20	2	75	76	99	100	150	151	174	175	288	VH	0
gray_wolf_IGHV_21	2	75	76	99	100	150	151	174	175	288	VH	0
gray_wolf_IGHV_22	2	75	76	99	100	150	151	174	175	288	VH	0
gray_wolf_IGHV_23	2	75	76	99	100	150	151	174	175	288	VH	0
gray_wolf_IGHV_24	2	75	76	99	100	150	151	174	175	288	VH	0
gray_wolf_IGHV_25	1	75	76	99	100	150	151	174	175	288	VH	0
gray_wolf_IGHV_26	1	75	76	99	100	150	151	171	172	285	VH	0
gray_wolf_IGHV_27	1	75	76	99	100	150	151	171	172	285	VH	0
gray_wolf_IGHV_28	1	75	76	99	100	150	151	174	175	288	VH	0
gray_wolf_IGHV_29	1	75	76	99	100	150	151	174	175	288	VH	0
gray_wolf_IGHV_30	1	75	76	99	100	150	151	174	175	288	VH	0
gray_wolf_IGHV_31	1	75	76	99	100	150	151	174	175	288	VH	0
gray_wolf_IGHV_32	1	75	76	99	100	150	151	174	175	288	VH	0
gray_wolf_IGHV_33	1	75	76	99	100	150	151	174	175	288	VH	0
gray_wolf_IGHV_34	1	75	76	99	100	150	151	174	175	288	VH	0
gray_wolf_IGHV_35	1	75	76	99	100	150	151	174	175	288	VH	0
gray_wolf_IGHV_36	1	75	76	99	100	150	151	174	175	288	VH	0
gray_wolf_IGHV_37	1	75	76	99	100	150	151	174	175	288	VH	0
gray_wolf_IGHV_38	1	75	76	99	100	150	151	174	175	288	VH	0
gray_wolf_IGHV_39	1	75	76	99	100	150	151	174	175	288	VH	0
gray_wolf_IGHV_40	1	75	76	99	100	150	151	174	175	288	VH	0
gray_wolf_IGHV_41	1	75	76	99	100	150	151	174	175	288	VH	0
gray_wolf_IGHV_42	2	75	76	99	100	150	151	174	175	288	VH	0
gray_wolf_IGHV_43	1	75	76	99	100	150	151	171	172	285	VH	0
gray_wolf_IGHV_44	1	75	76	99	100	150	151	174	175	288	VH	0
gray_wolf_IGHV_45	1	75	76	99	100	150	151	174	175	288	VH	0
gray_wolf_IGHV_46	1	75	76	99	100	150	151	174	175	288	VH	0
gray_wolf_IGHV_47	1	75	76	99	100	150	151	171	172	285	VH	0
gray_wolf_IGHV_48	1	75	76	99	100	150	151	174	175	288	VH	0
gray_wolf_IGHV_49	1	75	76	99	100	150	151	174	175	288	VH	0
gray_wolf_IGHV_50	1	75	76	99	100	150	151	174	175	288	VH	0
gray_wolf_IGHV_51	1	75	76	99	100	150	151	174	175	288	VH	0
gray_wolf_IGHV_52	1	75	76	99	100	150	151	174	175	288	VH	0
gray_wolf_IGHV_53	1	75	76	99	100	150	151	174	175	288	VH	0
gray_wolf_IGHV_54	1	75	76	99	100	150	151	174	175	288	VH	0
gray_wolf_IGHV_55	1	75	76	99	100	150	151	174	175	288	VH	0
gray_wolf_IGHV_56	1	75	76	99	100	150	151	174	175	288	VH	0
gray_wolf_IGHV_57	2	75	76	99	100	150	151	174	175	288	VH	0
gray_wolf_IGHV_58	1	75	76	99	100	150	151	174	175	288	VH	0
gray_wolf_IGHV_59	1	75	76	99	100	150	151	174	175	288	VH	0
gray_wolf_IGHV_60	1	75	76	99	100	150	151	174	175	288	VH	0
gray_wolf_IGHV_61	1	75	76	99	100	150	151	174	175	288	VH	0
gray_wolf_IGHV_62	1	75	76	99	100	150	151	174	175	288	VH	0
gray_wolf_IGHV_63	2	75	76	99	100	150	151	174	175	288	VH	0
gray_wolf_IGHV_64	1	75	76	99	100	150	151	174	175	288	VH	0
gray_wolf_IGHV_65	1	75	76	99	100	150	151	174	175	287	VH	0
gray_wolf_IGHV_66	1	75	76	99	100	150	151	174	175	288	VH	0
gray_wolf_IGHV_67	1	75	76	99	100	150	151	174	175	288	VH	0
gray_wolf_IGHV_68	1	75	76	99	100	150	151	174	175	288	VH	0
gray_wolf_IGHV_69	1	75	76	99	100	150	151	174	175	288	VH	0
gray_wolf_IGHV_70	2	75	76	99	100	150	151	174	175	287	VH	0
gray_wolf_IGHV_71	2	75	76	99	100	150	151	174	175	288	VH	0
gray_wolf_IGHV_72	1	75	76	99	100	150	151	174	175	288	VH	0
gray_wolf_IGHV_73	1	75	76	99	100	150	151	174	175	288	VH	0
gray_wolf_IGHV_74	1	75	76	99	100	150	151	174	175	288	VH	0
gray_wolf_IGHV_75	2	75	76	99	100	150	151	174	175	288	VH	0
gray_wolf_IGHV_76	10	75	76	102	103	153	154	168	169	282	VH	0
gray_wolf_IGHV_77	1	75	76	99	100	150	151	174	175	288	VH	0
gray_wolf_IGHV_78	1	75	76	99	100	150	151	174	175	288	VH	0
gray_wolf_IGHV_79	1	75	76	99	100	150	151	174	175	288	VH	0
gray_wolf_IGHV_80	1	75	76	99	100	150	151	174	175	288	VH	0
gray_wolf_IGHV_81	1	75	76	99	100	150	151	174	175	288	VH	0
gray_wolf_IGHV_82	1	75	76	99	100	150	151	174	175	288	VH	0
gray_wolf_IGHV_83	1	75	76	99	100	150	151	174	175	288	VH	0
gray_wolf_IGHV_84	2	75	76	99	100	150	151	174	175	288	VH	0
gray_wolf_IGHV_85	1	75	76	99	100	150	151	174	175	288	VH	0
gray_wolf_IGHV_86	1	75	76	99	100	150	151	174	175	288	VH	0
gray_wolf_IGHV_87	1	75	76	99	100	150	151	174	175	288	VH	0
gray_wolf_IGHV_88	1	75	76	99	100	150	151	174	175	288	VH	0
gray_wolf_IGHV_89	1	75	76	99	100	150	151	174	175	288	VH	0
gray_wolf_IGHV_90	2	75	76	99	100	150	151	174	175	288	VH	0
gray_wolf_IGHV_91	1	75	76	99	100	150	151	174	175	288	VH	0
gray_wolf_IGHV_92	1	75	76	99	100	150	151	174	175	288	VH	0
gray_wolf_IGHV_93	1	75	76	99	100	150	151	174	175	288	VH	0
gray_wolf_IGHV_94	1	75	76	99	100	150	151	174	175	288	VH	0
gray_wolf_IGHV_95	1	75	76	99	100	150	151	174	175	288	VH	0
gray_wolf_IGHV_96	1	75	76	99	100	150	151	174	175	288	VH	0
gray_wolf_IGHV_97	1	75	76	99	100	150	151	174	175	288	VH	0
gray_wolf_IGHV_98	1	75	76	99	100	150	151	174	175	288	VH	0
gray_wolf_IGHV_99	1	75	76	99	100	150	151	174	175	288	VH	0
gray_wolf_IGHV_100	1	75	76	99	100	150	151	174	175	288	VH	0
gray_wolf_IGHV_101	1	75	76	99	100	150	151	174	175	288	VH	0
gray_wolf_IGHV_102	1	75	76	99	100	150	151	174	175	288	VH	0
gray_wolf_IGHV_103	1	75	76	99	100	150	151	174	175	288	VH	0
gray_wolf_IGHV_104	1	75	76	99	100	150	151	174	175	288	VH	0
gray_wolf_IGHV_105	1	75	76	99	100	150	151	174	175	288	VH	0
gray_wolf_IGHV_106	1	75	76	99	100	150	151	174	175	288	VH	0
gray_wolf_IGHV_107	1	75	76	99	100	150	151	174	175	287	VH	0
gray_wolf_IGHV_108	1	75	76	99	100	150	151	174	175	288	VH	0
gray_wolf_IGHV_109	2	75	76	99	100	150	151	174	175	288	VH	0
gray_wolf_IGHV_110	1	75	76	99	100	150	151	174	175	288	VH	0
gray_wolf_IGHV_111	1	75	76	99	100	150	151	174	175	288	VH	0
gray_wolf_IGHV_112	2	75	76	99	100	150	151	174	175	288	VH	0
gray_wolf_IGHV_113	1	75	76	99	100	150	151	174	175	288	VH	0
gray_wolf_IGHV_114	1	75	76	99	100	150	151	174	175	288	VH	0
gray_wolf_IGHV_115	2	75	76	99	100	150	151	174	175	288	VH	0
gray_wolf_IGHV_116	3	75	76	99	100	150	151	174	175	288	VH	0
gray_wolf_IGHV_117	2	75	76	99	100	150	151	174	175	288	VH	0
gray_wolf_IGHV_118	1	75	76	99	100	150	151	171	172	285	VH	0
gray_wolf_IGHV_119	1	75	76	99	100	150	151	171	172	285	VH	0
gray_wolf_IGHV_120	1	75	76	99	100	150	151	174	175	288	VH	0
gray_wolf_IGHV_121	1	75	76	99	100	150	151	174	175	288	VH	0
gray_wolf_IGHV_122	1	75	76	99	100	150	151	174	175	288	VH	0
gray_wolf_IGHV_123	1	75	76	99	100	150	151	174	175	288	VH	0
gray_wolf_IGHV_124	1	75	76	99	100	150	151	174	175	288	VH	0
gray_wolf_IGHV_125	1	75	76	99	100	150	151	174	175	288	VH	0
gray_wolf_IGHV_126	1	75	76	99	100	150	151	174	175	288	VH	0
gray_wolf_IGHV_127	1	75	76	99	100	150	151	174	175	288	VH	0
gray_wolf_IGHV_128	1	75	76	99	100	150	151	171	172	285	VH	0
gray_wolf_IGHV_129	2	75	76	99	100	150	151	174	175	288	VH	0
gray_wolf_IGHV_130	1	75	76	99	100	150	151	174	175	288	VH	0
gray_wolf_IGHV_131	1	75	76	99	100	150	151	174	175	288	VH	0
gray_wolf_IGHV_132	1	75	76	99	100	150	151	174	175	288	VH	0
gray_wolf_IGHV_133	1	75	76	99	100	150	151	174	175	288	VH	0
gray_wolf_IGHV_134	1	75	76	99	100	150	151	171	172	285	VH	0
gray_wolf_IGHV_135	1	75	76	99	100	150	151	174	175	288	VH	0
gray_wolf_IGHV_136	1	75	76	99	100	150	151	174	175	288	VH	0
gray_wolf_IGHV_137	1	75	76	99	100	150	151	174	175	288	VH	0
gray_wolf_IGHV_138	1	75	76	99	100	150	151	174	175	288	VH	0
gray_wolf_IGHV_139	2	75	76	99	100	150	151	174	175	287	VH	0
gray_wolf_IGHV_140	1	75	76	99	100	150	151	174	175	288	VH	0
gray_wolf_IGHV_141	1	75	76	99	100	150	151	174	175	288	VH	0
gray_wolf_IGHV_142	1	75	76	99	100	150	151	174	175	288	VH	0
gray_wolf_IGHV_143	2	75	76	99	100	150	151	174	175	288	VH	0
gray_wolf_IGHV_144	2	75	76	99	100	150	151	174	175	288	VH	0
gray_wolf_IGKV_1	5	78	79	111	112	162	163	171	172	279	VK	0
gray_wolf_IGKV_2	1	78	79	96	97	147	148	156	157	264	VK	0
gray_wolf_IGKV_3	7	78	79	111	112	162	163	171	172	279	VK	0
gray_wolf_IGKV_4	1	78	79	114	115	165	166	174	175	282	VK	0
gray_wolf_IGKV_5	1	78	79	111	112	162	163	171	172	279	VK	0
gray_wolf_IGKV_6	1	78	79	111	112	162	163	171	172	279	VK	0
gray_wolf_IGKV_7	1	78	79	111	112	162	163	171	172	279	VK	0
gray_wolf_IGKV_8	1	78	79	111	112	162	163	171	172	279	VK	0
gray_wolf_IGKV_9	1	78	79	111	112	162	163	171	172	279	VK	0
gray_wolf_IGKV_10	1	78	79	111	112	162	163	171	172	279	VK	0
gray_wolf_IGKV_11	1	78	79	111	112	162	163	171	172	279	VK	0
gray_wolf_IGKV_12	1	78	79	111	112	162	163	171	172	279	VK	0
gray_wolf_IGKV_13	1	78	79	111	112	162	163	171	172	279	VK	0
gray_wolf_IGKV_14	1	78	79	111	112	162	163	171	172	279	VK	0
gray_wolf_IGKV_15	1	78	79	111	112	162	163	171	172	279	VK	0
gray_wolf_IGKV_16	1	78	79	111	112	162	163	171	172	279	VK	0
gray_wolf_IGKV_17	1	78	79	111	112	162	163	171	172	279	VK	0
gray_wolf_IGKV_18	1	78	79	111	112	162	163	171	172	279	VK	0
gray_wolf_IGKV_19	1	78	79	111	112	162	163	171	172	279	VK	0
gray_wolf_IGKV_20	1	78	79	111	112	162	163	171	172	279	VK	0
gray_wolf_IGKV_21	1	78	79	111	112	162	163	171	172	279	VK	0
gray_wolf_IGKV_22	1	78	79	111	112	162	163	171	172	279	VK	0
gray_wolf_IGKV_23	1	78	79	111	112	162	163	171	172	279	VK	0
gray_wolf_IGKV_24	1	78	79	111	112	162	163	171	172	279	VK	0
gray_wolf_IGKV_25	1	78	79	114	115	165	166	174	175	282	VK	0
gray_wolf_IGKV_26	1	78	79	111	112	162	163	171	172	279	VK	0
gray_wolf_IGLV_1	1	75	76	99	100	150	151	159	160	267	VL	0
gray_wolf_IGLV_2	1	75	76	102	103	153	154	162	163	270	VL	0
gray_wolf_IGLV_3	1	70	71	88	89	138	139	159	160	273	VL	0
gray_wolf_IGLV_4	1	75	76	102	103	153	154	174	175	288	VL	0
gray_wolf_IGLV_5	1	75	76	117	118	168	169	177	178	285	VL	0
gray_wolf_IGLV_6	1	75	76	102	103	153	154	162	163	266	VL	0
gray_wolf_IGLV_7	1	75	76	102	103	150	151	159	160	267	VL	0
gray_wolf_IGLV_8	1	75	76	102	103	153	154	162	163	270	VL	0
gray_wolf_IGLV_9	1	75	76	102	103	153	154	162	163	270	VL	0
gray_wolf_IGLV_10	1	75	76	99	100	150	151	159	160	267	VL	0
gray_wolf_IGLV_11	1	74	75	101	102	152	153	161	162	269	VL	0
gray_wolf_IGLV_12	1	75	76	102	103	150	151	159	160	267	VL	0
gray_wolf_IGLV_13	1	75	76	102	103	150	151	159	160	267	VL	0
gray_wolf_IGLV_14	1	75	76	102	103	153	154	162	163	266	VL	0
gray_wolf_IGLV_15	1	75	76	102	103	153	154	162	163	270	VL	0
gray_wolf_IGLV_16	1	75	76	102	103	153	154	162	163	270	VL	0
gray_wolf_IGLV_17	1	75	76	99	100	150	151	159	160	267	VL	0
gray_wolf_IGLV_18	1	75	76	102	103	153	154	162	163	270	VL	0
gray_wolf_IGLV_19	1	75	76	102	103	153	154	174	175	288	VL	0
gray_wolf_IGLV_20	1	75	76	117	118	168	169	177	178	285	VL	0
gray_wolf_IGLV_21	1	75	76	102	103	150	151	159	160	267	VL	0
gray_wolf_IGLV_22	1	75	76	102	103	153	154	162	163	270	VL	0
gray_wolf_IGLV_23	1	75	76	102	103	153	154	162	163	270	VL	0
gray_wolf_IGLV_24	1	75	76	102	103	153	154	162	163	270	VL	0
gray_wolf_IGLV_25	1	75	76	99	100	150	151	159	160	263	VL	0
gray_wolf_IGLV_26	1	75	76	102	103	152	153	161	162	269	VL	0
gray_wolf_IGLV_27	1	75	76	102	103	153	154	162	163	270	VL	0
gray_wolf_IGLV_28	1	75	76	99	100	150	151	159	160	267	VL	0
gray_wolf_IGLV_29	1	75	76	101	102	152	153	161	162	269	VL	0
gray_wolf_IGLV_30	1	75	76	102	103	153	154	162	163	270	VL	0
gray_wolf_IGLV_31	1	75	76	93	94	143	144	164	165	276	VL	0
gray_wolf_IGLV_32	1	75	76	99	100	150	151	159	160	267	VL	0
gray_wolf_IGLV_33	1	75	76	102	103	153	154	168	169	282	VL	0
gray_wolf_IGLV_34	1	75	76	102	103	153	154	162	163	270	VL	0
gray_wolf_IGLV_35	1	75	76	93	94	144	145	153	154	261	VL	0
gray_wolf_IGLV_36	1	75	76	102	103	153	154	162	163	270	VL	0
gray_wolf_IGLV_37	1	75	76	102	103	153	154	162	163	270	VL	0
gray_wolf_IGLV_38	1	75	76	102	103	150	151	159	160	267	VL	0
gray_wolf_IGLV_39	1	75	76	102	103	150	151	159	160	267	VL	0
gray_wolf_IGLV_40	1	75	76	102	103	153	154	162	163	266	VL	0
gray_wolf_IGLV_41	1	75	76	102	103	153	154	162	163	270	VL	0
gray_wolf_IGLV_42	1	75	76	102	103	153	154	162	163	270	VL	0
gray_wolf_IGLV_43	1	75	76	102	103	153	154	162	163	270	VL	0
gray_wolf_IGLV_44	1	75	76	99	100	150	151	159	160	267	VL	0
gray_wolf_IGLV_45	1	75	76	102	103	153	154	162	163	270	VL	0
gray_wolf_IGLV_46	1	75	76	99	100	150	151	159	160	267	VL	0
gray_wolf_IGLV_47	1	75	76	102	103	150	151	159	160	267	VL	0
gray_wolf_IGLV_48	1	75	76	102	103	153	154	162	163	266	VL	0
gray_wolf_IGLV_49	1	75	76	99	100	150	151	159	160	263	VL	0
gray_wolf_IGLV_50	1	75	76	102	103	152	153	161	162	269	VL	0
gray_wolf_IGLV_51	1	75	76	102	103	153	154	162	163	270	VL	0
gray_wolf_IGLV_52	1	75	76	102	103	153	154	162	163	254	VL	0
gray_wolf_IGLV_53	1	75	76	99	100	150	151	159	160	267	VL	0
gray_wolf_IGLV_54	1	75	76	99	100	150	151	159	160	267	VL	0
gray_wolf_IGLV_55	1	75	76	102	103	153	154	162	163	270	VL	0
gray_wolf_IGLV_56	1	75	76	102	103	153	154	174	175	288	VL	0
gray_wolf_IGLV_57	1	75	76	77	78	126	127	135	136	243	VL	0
gray_wolf_IGLV_58	1	75	76	102	103	153	154	162	163	270	VL	0
gray_wolf_IGLV_59	1	75	76	117	118	168	169	177	178	285	VL	0
gray_wolf_IGLV_60	1	75	76	102	103	153	154	174	175	288	VL	0
gray_wolf_IGLV_61	1	75	76	102	103	153	154	162	163	270	VL	0
gray_wolf_IGLV_62	1	75	76	102	103	155	156	176	177	290	VL	0
gray_wolf_IGLV_63	1	75	76	99	100	150	151	159	160	267	VL	0
gray_wolf_IGLV_64	1	75	76	102	103	153	154	162	163	270	VL	0
gray_wolf_IGLV_65	1	72	73	96	97	147	148	156	157	264	VL	0
gray_wolf_IGLV_66	1	75	76	102	103	153	154	162	163	270	VL	0
gray_wolf_IGLV_67	1	75	76	99	100	150	151	159	160	267	VL	0
gray_wolf_IGLV_68	1	75	76	99	100	150	151	159	160	267	VL	0
gray_wolf_IGLV_69	1	75	76	102	103	153	154	162	163	270	VL	0
gray_wolf_IGLV_70	1	75	76	102	103	153	154	174	175	288	VL	0
gray_wolf_IGLV_71	3	75	76	99	100	150	151	159	160	267	VL	0
gray_wolf_IGLV_72	1	75	76	99	100	150	151	159	160	267	VL	0
gray_wolf_IGLV_73	1	75	76	102	103	150	151	159	160	267	VL	0
gray_wolf_IGLV_74	1	75	76	102	103	153	154	162	163	270	VL	0
gray_wolf_IGLV_75	1	75	76	99	100	150	151	159	160	267	VL	0
gray_wolf_IGLV_76	1	75	76	99	100	150	151	159	160	267	VL	0
gray_wolf_IGLV_77	1	75	76	99	100	150	151	159	160	267	VL	0
gray_wolf_IGLV_78	1	75	76	102	103	153	154	162	163	270	VL	0
gray_wolf_IGLV_79	1	75	76	93	94	144	145	153	154	261	VL	0
gray_wolf_IGLV_80	1	75	76	93	94	144	145	153	154	261	VL	0
gray_wolf_IGLV_81	1	75	76	93	94	144	145	153	154	261	VL	0
gray_wolf_IGLV_82	6	75	76	96	97	150	151	171	172	279	VL	0
gray_wolf_IGLV_83	1	75	76	93	94	144	145	153	154	261	VL	0
gray_wolf_IGLV_84	6	75	76	93	94	144	145	153	154	261	VL	0
gray_wolf_IGLV_85	1	75	76	93	94	144	145	153	154	261	VL	0
gray_wolf_IGLV_86	1	75	76	93	94	144	145	153	154	261	VL	0
gray_wolf_IGLV_87	1	75	76	93	94	144	145	153	154	261	VL	0
gray_wolf_IGLV_88	1	75	76	93	94	144	145	153	154	261	VL	0
gray_wolf_IGLV_89	1	75	76	93	94	144	145	153	154	261	VL	0
gray_wolf_IGLV_90	1	75	76	93	94	144	145	153	154	261	VL	0
gray_wolf_IGLV_91	1	75	76	93	94	144	145	153	154	261	VL	0
gray_wolf_IGLV_92	1	75	76	93	94	144	145	153	154	261	VL	0
gray_wolf_IGLV_93	1	75	76	93	94	144	145	153	154	261	VL	0
gray_wolf_IGLV_94	7	75	76	96	97	150	151	171	172	279	VL	0
gray_wolf_IGLV_95	6	75	76	93	94	144	145	153	154	261	VL	0
gray_wolf_IGLV_96	1	75	76	93	94	144	145	153	154	261	VL	0
gray_wolf_IGLV_97	1	75	76	99	100	150	151	159	160	267	VL	0
gray_wolf_IGLV_98	1	75	76	102	103	153	154	162	163	270	VL	0
gray_wolf_IGLV_99	1	75	76	99	100	150	151	159	160	267	VL	0
gray_wolf_IGLV_100	1	75	76	102	103	153	154	162	163	270	VL	0
gray_wolf_IGLV_101	1	75	76	102	103	153	154	162	163	270	VL	0
