maned_wolf_IGHV_1	1	75	76	99	100	150	151	174	175	288	VH	0
maned_wolf_IGHV_2	1	75	76	99	100	150	151	174	175	288	VH	0
maned_wolf_IGHV_3	1	75	76	99	100	150	151	174	175	288	VH	0
maned_wolf_IGHV_4	5	75	76	99	100	150	151	174	175	288	VH	0
maned_wolf_IGHV_5	1	75	76	99	100	150	151	174	175	288	VH	0
maned_wolf_IGHV_6	1	75	76	99	100	150	151	174	175	264	VH	0
maned_wolf_IGHV_7	1	75	76	99	100	150	151	174	175	288	VH	0
maned_wolf_IGHV_8	1	75	76	99	100	150	151	174	175	288	VH	0
maned_wolf_IGHV_9	1	75	76	99	100	150	151	174	175	288	VH	0
maned_wolf_IGHV_10	1	75	76	99	100	150	151	174	175	288	VH	0
maned_wolf_IGHV_11	1	75	76	99	100	150	151	174	175	288	VH	0
maned_wolf_IGHV_12	1	75	76	99	100	150	151	174	175	288	VH	0
maned_wolf_IGHV_13	1	75	76	99	100	150	151	174	175	288	VH	0
maned_wolf_IGHV_14	1	75	76	99	100	150	151	174	175	288	VH	0
maned_wolf_IGHV_15	1	75	76	99	100	150	151	174	175	288	VH	0
maned_wolf_IGHV_16	1	72	73	96	97	147	148	171	172	285	VH	0
maned_wolf_IGHV_17	2	75	76	99	100	150	151	174	175	288	VH	0
maned_wolf_IGHV_18	2	75	76	99	100	150	151	174	175	288	VH	0
maned_wolf_IGHV_19	1	75	76	99	100	150	151	174	175	288	VH	0
maned_wolf_IGHV_20	1	75	76	99	100	150	151	174	175	288	VH	0
maned_wolf_IGHV_21	1	75	76	99	100	150	151	174	175	288	VH	0
maned_wolf_IGHV_22	1	75	76	99	100	150	151	174	175	288	VH	0
maned_wolf_IGHV_23	1	75	76	99	100	150	151	174	175	288	VH	0
maned_wolf_IGHV_24	1	75	76	99	100	150	151	174	175	288	VH	0
maned_wolf_IGHV_25	1	75	76	99	100	150	151	174	175	286	VH	0
maned_wolf_IGHV_26	2	75	76	99	100	150	151	174	175	292	VH	0
maned_wolf_IGHV_27	1	75	76	99	100	150	151	174	175	288	VH	0
maned_wolf_IGHV_28	2	75	76	99	100	150	151	174	175	288	VH	0
maned_wolf_IGHV_29	1	75	76	99	100	150	151	174	175	288	VH	0
maned_wolf_IGHV_30	1	75	76	99	100	150	151	174	175	288	VH	0
maned_wolf_IGHV_31	1	75	76	99	100	150	151	174	175	288	VH	0
maned_wolf_IGHV_32	1	75	76	99	100	150	151	174	175	288	VH	0
maned_wolf_IGHV_33	1	75	76	99	100	150	151	174	175	288	VH	0
maned_wolf_IGHV_34	1	75	76	99	100	150	151	174	175	288	VH	0
maned_wolf_IGHV_35	1	75	76	99	100	150	151	174	175	288	VH	0
maned_wolf_IGHV_36	1	75	76	99	100	150	151	174	175	288	VH	0
maned_wolf_IGHV_37	1	75	76	99	100	150	151	174	175	288	VH	0
maned_wolf_IGHV_38	1	75	76	99	100	150	151	174	175	288	VH	0
maned_wolf_IGHV_39	1	75	76	99	100	150	151	174	175	288	VH	0
maned_wolf_IGHV_40	1	75	76	99	100	150	151	174	175	288	VH	0
maned_wolf_IGHV_41	1	75	76	99	100	150	151	174	175	288	VH	0
maned_wolf_IGHV_42	1	75	76	99	100	150	151	174	175	288	VH	0
maned_wolf_IGHV_43	1	75	76	99	100	150	151	174	175	288	VH	0
maned_wolf_IGHV_44	1	75	76	99	100	150	151	174	175	288	VH	0
maned_wolf_IGHV_45	1	75	76	99	100	150	151	174	175	288	VH	0
maned_wolf_IGHV_46	2	75	76	99	100	150	151	174	175	288	VH	0
maned_wolf_IGHV_47	2	75	76	99	100	150	151	174	175	288	VH	0
maned_wolf_IGHV_48	1	75	76	99	100	150	151	174	175	288	VH	0
maned_wolf_IGHV_49	2	75	76	99	100	150	151	174	175	287	VH	0
maned_wolf_IGHV_50	2	75	76	99	100	150	151	174	175	288	VH	0
maned_wolf_IGHV_51	1	75	76	99	100	150	151	174	175	288	VH	0
maned_wolf_IGHV_52	1	75	76	99	100	150	151	174	175	288	VH	0
maned_wolf_IGHV_53	1	75	76	99	100	150	151	174	175	288	VH	0
maned_wolf_IGHV_54	1	75	76	99	100	150	151	174	175	288	VH	0
maned_wolf_IGHV_55	1	75	76	99	100	150	151	174	175	288	VH	0
maned_wolf_IGHV_56	1	75	76	99	100	150	151	174	175	288	VH	0
maned_wolf_IGHV_57	1	75	76	99	100	150	151	174	175	288	VH	0
maned_wolf_IGHV_58	1	75	76	99	100	150	151	174	175	288	VH	0
maned_wolf_IGHV_59	2	75	76	99	100	150	151	174	175	288	VH	0
maned_wolf_IGHV_60	10	75	76	102	103	153	154	168	169	282	VH	0
maned_wolf_IGHV_61	1	75	76	99	100	150	151	174	175	288	VH	0
maned_wolf_IGHV_62	1	75	76	99	100	150	151	174	175	288	VH	0
maned_wolf_IGHV_63	1	75	76	99	100	150	151	174	175	288	VH	0
maned_wolf_IGHV_64	1	75	76	99	100	150	151	174	175	288	VH	0
maned_wolf_IGHV_65	2	75	76	99	100	150	151	174	175	288	VH	0
maned_wolf_IGHV_66	10	75	76	99	100	150	151	174	175	288	VH	0
maned_wolf_IGHV_67	1	75	76	99	100	150	151	174	175	287	VH	0
maned_wolf_IGKV_1	1	78	79	111	112	162	163	171	172	279	VK	0
maned_wolf_IGKV_2	5	78	79	111	112	162	163	171	172	279	VK	0
maned_wolf_IGKV_3	8	78	79	111	112	162	163	171	172	279	VK	0
maned_wolf_IGKV_4	1	78	79	114	115	165	166	174	175	282	VK	0
maned_wolf_IGKV_5	1	78	79	111	112	162	163	171	172	279	VK	0
maned_wolf_IGKV_6	1	78	79	111	112	162	163	171	172	279	VK	0
maned_wolf_IGKV_7	1	78	79	111	112	162	163	171	172	279	VK	0
maned_wolf_IGKV_8	1	78	79	111	112	162	163	171	172	279	VK	0
maned_wolf_IGKV_9	1	78	79	111	112	162	163	171	172	279	VK	0
maned_wolf_IGKV_10	1	78	79	111	112	162	163	171	172	279	VK	0
maned_wolf_IGKV_11	1	78	79	96	97	147	148	156	157	264	VK	0
maned_wolf_IGKV_12	1	78	79	96	97	147	148	156	157	264	VK	0
maned_wolf_IGKV_13	1	78	79	111	112	162	163	171	172	279	VK	0
maned_wolf_IGLV_1	1	75	76	93	94	144	145	153	154	261	VL	0
maned_wolf_IGLV_2	1	75	76	93	94	144	145	153	154	261	VL	0
maned_wolf_IGLV_3	1	75	76	93	94	144	145	153	154	261	VL	0
maned_wolf_IGLV_4	1	75	76	93	94	144	145	153	154	261	VL	0
maned_wolf_IGLV_5	7	75	76	96	97	150	151	171	172	279	VL	0
maned_wolf_IGLV_6	1	75	76	93	94	144	145	153	154	261	VL	0
maned_wolf_IGLV_7	1	75	76	93	94	144	145	153	154	261	VL	0
maned_wolf_IGLV_8	7	75	76	96	97	147	148	168	169	276	VL	0
maned_wolf_IGLV_9	1	75	76	93	94	144	145	153	154	261	VL	0
maned_wolf_IGLV_10	1	75	76	93	94	144	145	153	154	264	VL	0
maned_wolf_IGLV_11	1	75	76	102	103	153	154	162	163	270	VL	0
maned_wolf_IGLV_12	1	75	76	102	103	153	154	162	163	270	VL	0
maned_wolf_IGLV_13	1	75	76	99	100	150	151	159	160	267	VL	0
maned_wolf_IGLV_14	1	75	76	102	103	153	154	162	163	266	VL	0
maned_wolf_IGLV_15	1	75	76	102	103	153	154	162	163	269	VL	0
maned_wolf_IGLV_16	1	75	76	99	100	150	151	159	160	267	VL	0
maned_wolf_IGLV_17	1	75	76	99	100	150	151	159	160	267	VL	0
maned_wolf_IGLV_18	1	75	76	102	103	153	154	162	163	270	VL	0
maned_wolf_IGLV_19	1	75	76	102	103	150	151	159	160	267	VL	0
maned_wolf_IGLV_20	1	75	76	99	100	150	151	159	160	267	VL	0
maned_wolf_IGLV_21	1	75	76	99	100	150	151	159	160	267	VL	0
maned_wolf_IGLV_22	1	75	76	99	100	150	151	159	160	267	VL	0
maned_wolf_IGLV_23	1	75	76	102	103	153	154	162	163	270	VL	0
maned_wolf_IGLV_24	1	75	76	99	100	150	151	159	160	267	VL	0
maned_wolf_IGLV_25	1	75	76	102	103	153	154	162	163	270	VL	0
maned_wolf_IGLV_26	1	75	76	101	102	152	153	161	162	269	VL	0
maned_wolf_IGLV_27	1	75	76	99	100	150	151	159	160	267	VL	0
maned_wolf_IGLV_28	1	75	76	102	103	153	154	162	163	270	VL	0
maned_wolf_IGLV_29	1	75	76	99	100	150	151	159	160	267	VL	0
maned_wolf_IGLV_30	1	75	76	102	103	153	154	174	175	288	VL	0
maned_wolf_IGLV_31	1	75	76	96	97	147	148	156	157	264	VL	0
maned_wolf_IGLV_32	1	75	76	102	103	153	154	162	163	270	VL	0
maned_wolf_IGLV_33	1	75	76	102	103	153	154	162	163	270	VL	0
maned_wolf_IGLV_34	1	75	76	102	103	153	154	174	175	288	VL	0
maned_wolf_IGLV_35	1	75	76	102	103	153	154	162	163	270	VL	0
maned_wolf_IGLV_36	1	75	76	77	78	126	127	135	136	243	VL	0
maned_wolf_IGLV_37	1	75	76	102	103	153	154	174	175	288	VL	0
maned_wolf_IGLV_38	1	75	76	102	103	150	151	159	160	267	VL	0
maned_wolf_IGLV_39	1	75	76	99	100	150	151	159	160	267	VL	0
maned_wolf_IGLV_40	1	75	76	102	103	153	154	162	163	270	VL	0
maned_wolf_IGLV_41	1	75	76	102	103	153	154	162	163	270	VL	0
maned_wolf_IGLV_42	1	75	76	102	103	153	154	162	163	270	VL	0
maned_wolf_IGLV_43	1	75	76	102	103	153	154	162	163	270	VL	0
maned_wolf_IGLV_44	1	75	76	102	103	150	151	159	160	267	VL	0
maned_wolf_IGLV_45	1	75	76	102	103	150	151	159	160	267	VL	0
maned_wolf_IGLV_46	1	75	76	99	100	150	151	159	160	267	VL	0
maned_wolf_IGLV_47	1	75	76	102	103	153	154	162	163	270	VL	0
maned_wolf_IGLV_48	1	75	76	102	103	153	154	168	169	282	VL	0
maned_wolf_IGLV_49	1	75	76	99	100	150	151	159	160	267	VL	0
maned_wolf_IGLV_50	1	75	76	99	100	150	151	159	160	267	VL	0
maned_wolf_IGLV_51	1	75	76	102	103	153	154	162	163	270	VL	0
maned_wolf_IGLV_52	1	75	76	99	100	150	151	159	160	267	VL	0
maned_wolf_IGLV_53	1	75	76	102	103	153	154	162	163	270	VL	0
maned_wolf_IGLV_54	1	75	76	99	100	150	151	159	160	267	VL	0
maned_wolf_IGLV_55	1	75	76	99	100	150	151	159	160	266	VL	0
maned_wolf_IGLV_56	1	75	76	102	103	153	154	174	175	288	VL	0
maned_wolf_IGLV_57	1	75	76	109	110	168	169	177	178	282	VL	0
maned_wolf_IGLV_58	1	75	76	99	100	150	151	159	160	267	VL	0
maned_wolf_IGLV_59	1	75	76	102	103	153	154	162	163	270	VL	0
maned_wolf_IGLV_60	1	75	76	102	103	153	154	162	163	270	VL	0
maned_wolf_IGLV_61	1	75	76	99	100	150	151	159	160	267	VL	0
maned_wolf_IGLV_62	1	75	76	102	103	153	154	162	163	266	VL	0
maned_wolf_IGLV_63	1	75	76	102	103	153	154	162	163	270	VL	0
maned_wolf_IGLV_64	1	75	76	99	100	150	151	159	160	267	VL	0
maned_wolf_IGLV_65	1	75	76	102	103	153	154	162	163	270	VL	0
maned_wolf_IGLV_66	1	75	76	102	103	150	151	159	160	267	VL	0
maned_wolf_IGLV_67	1	75	76	102	103	150	151	159	160	267	VL	0
maned_wolf_IGLV_68	1	75	76	102	103	153	154	162	163	270	VL	0
maned_wolf_IGLV_69	1	75	76	96	97	147	148	156	157	263	VL	0
maned_wolf_IGLV_70	1	75	76	99	100	150	151	159	160	267	VL	0
maned_wolf_IGLV_71	1	75	76	114	115	168	169	177	178	282	VL	0
maned_wolf_IGLV_72	1	75	76	102	103	153	154	162	163	270	VL	0
maned_wolf_IGLV_73	6	75	76	102	103	153	154	174	175	288	VL	0
maned_wolf_IGLV_74	1	75	76	102	103	153	154	162	163	270	VL	0
maned_wolf_IGLV_75	1	75	76	102	103	150	151	159	160	267	VL	0
maned_wolf_IGLV_76	1	75	76	102	103	153	154	174	175	288	VL	0
maned_wolf_IGLV_77	1	75	76	102	103	153	154	174	175	288	VL	0
maned_wolf_IGLV_78	1	75	76	102	103	152	153	161	162	269	VL	0
maned_wolf_IGLV_79	1	75	76	99	100	150	151	159	160	267	VL	0
maned_wolf_IGLV_80	1	75	76	102	103	153	154	162	163	270	VL	0
maned_wolf_IGLV_81	1	75	76	99	100	150	151	159	160	267	VL	0
maned_wolf_IGLV_82	1	75	76	102	103	153	154	162	163	270	VL	0
maned_wolf_IGLV_83	1	75	76	102	103	153	154	162	163	270	VL	0
maned_wolf_IGLV_84	1	75	76	102	103	153	154	162	163	270	VL	0
maned_wolf_IGLV_85	1	75	76	93	94	144	145	153	154	261	VL	0
maned_wolf_IGLV_86	1	75	76	93	94	144	145	153	154	261	VL	0
maned_wolf_IGLV_87	1	75	76	102	103	153	154	162	163	270	VL	0
maned_wolf_IGLV_88	1	75	76	102	103	150	151	159	160	267	VL	0
maned_wolf_IGLV_89	1	75	76	102	103	153	154	168	169	282	VL	0
maned_wolf_IGLV_90	1	75	76	102	103	153	154	174	175	288	VL	0
maned_wolf_IGLV_91	1	75	76	99	100	150	151	159	160	267	VL	0
