red_panda_IGHV_1	2	75	76	99	100	150	151	174	175	288	VH	0
red_panda_IGHV_2	10	75	76	102	103	149	150	168	169	282	VH	0
red_panda_IGHV_3	1	75	76	99	100	150	151	174	175	288	VH	0
red_panda_IGHV_4	1	75	76	99	100	147	148	171	172	285	VH	0
red_panda_IGHV_5	1	75	76	99	100	150	151	174	175	288	VH	0
red_panda_IGHV_6	1	75	76	99	100	150	151	174	175	288	VH	0
red_panda_IGHV_7	1	75	76	99	100	150	151	174	175	288	VH	0
red_panda_IGHV_8	2	75	76	99	100	150	151	174	175	288	VH	0
red_panda_IGHV_9	1	75	76	99	100	150	151	174	175	288	VH	0
red_panda_IGHV_10	1	75	76	99	100	150	151	174	175	288	VH	0
red_panda_IGHV_11	1	75	76	99	100	150	151	174	175	288	VH	0
red_panda_IGHV_12	1	75	76	99	100	150	151	174	175	288	VH	0
red_panda_IGHV_13	2	75	76	99	100	150	151	174	175	288	VH	0
red_panda_IGHV_14	2	75	76	99	100	150	151	174	175	288	VH	0
red_panda_IGHV_15	1	75	76	99	100	150	151	174	175	292	VH	0
red_panda_IGHV_16	1	75	76	99	100	150	151	174	175	288	VH	0
red_panda_IGHV_17	1	75	76	99	100	141	142	165	166	279	VH	0
red_panda_IGHV_18	1	75	76	99	100	150	151	171	172	285	VH	0
red_panda_IGHV_19	1	75	76	99	100	150	151	174	175	288	VH	0
red_panda_IGHV_20	1	75	76	99	100	150	151	174	175	288	VH	0
red_panda_IGHV_21	1	75	76	99	100	150	151	174	175	288	VH	0
red_panda_IGHV_22	1	75	76	99	100	150	151	174	175	288	VH	0
red_panda_IGHV_23	1	75	76	99	100	150	151	174	175	288	VH	0
red_panda_IGHV_24	2	75	76	99	100	150	151	174	175	288	VH	0
red_panda_IGKV_1	1	78	79	96	97	147	148	156	157	264	VK	0
red_panda_IGKV_2	1	78	79	111	112	162	163	171	172	279	VK	0
red_panda_IGKV_3	5	78	79	111	112	162	163	171	172	279	VK	0
red_panda_IGKV_4	1	78	79	111	112	162	163	171	172	279	VK	0
red_panda_IGKV_5	1	78	79	111	112	162	163	171	172	279	VK	0
red_panda_IGKV_6	1	78	79	96	97	147	148	156	157	264	VK	0
red_panda_IGKV_7	1	78	79	111	112	162	163	171	172	280	VK	0
red_panda_IGKV_8	11	78	79	96	97	147	148	156	157	264	VK	0
red_panda_IGKV_9	7	78	79	111	112	162	163	171	172	279	VK	0
red_panda_IGKV_10	1	78	79	111	112	162	163	171	172	279	VK	0
red_panda_IGKV_11	9	78	79	96	97	147	148	156	157	264	VK	0
red_panda_IGKV_12	7	78	79	111	112	162	163	171	172	279	VK	0
red_panda_IGKV_13	5	78	79	111	112	162	163	171	172	279	VK	0
red_panda_IGKV_14	7	78	79	111	112	162	163	171	172	279	VK	0
red_panda_IGKV_15	7	78	79	111	112	162	163	171	172	279	VK	0
red_panda_IGKV_16	7	78	79	111	112	162	163	171	172	279	VK	0
red_panda_IGKV_17	10	78	79	96	97	147	148	156	157	264	VK	0
red_panda_IGKV_18	9	78	79	96	97	147	148	156	157	264	VK	0
red_panda_IGKV_19	9	78	79	96	97	147	148	156	157	264	VK	0
red_panda_IGKV_20	9	78	79	96	97	147	148	156	157	264	VK	0
red_panda_IGKV_21	1	78	79	111	112	162	163	171	172	279	VK	0
red_panda_IGKV_22	9	78	79	96	97	147	148	156	157	264	VK	0
red_panda_IGKV_23	9	78	79	96	97	147	148	156	157	264	VK	0
red_panda_IGKV_24	7	78	79	111	112	162	163	171	172	279	VK	0
red_panda_IGKV_25	7	78	79	111	112	162	163	171	172	279	VK	0
red_panda_IGKV_26	7	78	79	111	112	162	163	171	172	279	VK	0
red_panda_IGKV_27	7	78	79	111	112	162	163	171	172	279	VK	0
red_panda_IGKV_28	9	78	79	96	97	147	148	156	157	264	VK	0
red_panda_IGKV_29	7	78	79	111	112	162	163	171	172	279	VK	0
red_panda_IGKV_30	7	78	79	111	112	162	163	171	172	279	VK	0
red_panda_IGKV_31	9	78	79	96	97	147	148	156	157	264	VK	0
red_panda_IGKV_32	9	78	79	96	97	147	148	156	157	264	VK	0
red_panda_IGKV_33	7	78	79	111	112	162	163	171	172	279	VK	0
red_panda_IGKV_34	9	78	79	96	97	147	148	156	157	264	VK	0
red_panda_IGKV_35	7	78	79	111	112	162	163	171	172	279	VK	0
red_panda_IGKV_36	9	78	79	96	97	147	148	156	157	264	VK	0
red_panda_IGKV_37	1	78	79	111	112	162	163	171	172	279	VK	0
red_panda_IGKV_38	7	78	79	111	112	162	163	171	172	279	VK	0
red_panda_IGKV_39	11	78	79	96	97	147	148	156	157	264	VK	0
red_panda_IGKV_40	1	78	79	111	112	162	163	171	172	279	VK	0
red_panda_IGLV_1	1	75	76	99	100	150	151	159	160	267	VL	0
red_panda_IGLV_2	1	75	76	102	103	153	154	162	163	270	VL	0
red_panda_IGLV_3	3	75	76	102	103	146	147	156	157	268	VL	0
red_panda_IGLV_4	3	78	79	105	106	158	159	163	164	275	VL	0
red_panda_IGLV_5	3	75	76	102	103	157	158	162	163	275	VL	0
red_panda_IGLV_6	2	75	76	93	94	144	145	153	154	261	VL	0
red_panda_IGLV_7	1	75	76	93	94	144	145	153	154	261	VL	0
red_panda_IGLV_8	1	75	76	93	94	141	142	150	151	258	VL	0
red_panda_IGLV_9	1	75	76	93	94	144	145	153	154	261	VL	0
red_panda_IGLV_10	1	75	76	93	94	144	145	153	154	261	VL	0
red_panda_IGLV_11	1	75	76	93	94	144	145	153	154	261	VL	0
red_panda_IGLV_12	1	75	76	93	94	144	145	153	154	261	VL	0
red_panda_IGLV_13	1	75	76	93	94	144	145	153	154	261	VL	0
red_panda_IGLV_14	1	75	76	93	94	144	145	153	154	261	VL	0
red_panda_IGLV_15	1	75	76	93	94	144	145	153	154	261	VL	0
red_panda_IGLV_16	1	75	76	93	94	144	145	153	154	261	VL	0
red_panda_IGLV_17	1	75	76	102	103	153	154	162	163	270	VL	0
red_panda_IGLV_18	1	75	76	102	103	153	154	162	163	270	VL	0
red_panda_IGLV_19	1	75	76	102	103	153	154	162	163	270	VL	0
red_panda_IGLV_20	2	75	76	102	103	153	154	162	163	270	VL	0
red_panda_IGLV_21	2	75	76	102	103	153	154	162	163	270	VL	0
red_panda_IGLV_22	1	75	76	117	118	168	169	177	178	285	VL	0
red_panda_IGLV_23	1	75	76	102	103	153	154	174	175	288	VL	0
red_panda_IGLV_24	24	75	76	99	100	150	151	159	160	264	VL	0
red_panda_IGLV_25	1	75	76	99	100	150	151	159	160	267	VL	0
red_panda_IGLV_26	1	75	76	102	103	153	154	162	163	270	VL	0
red_panda_IGLV_27	1	75	76	102	103	153	154	162	163	270	VL	0
red_panda_IGLV_28	1	75	76	102	103	153	154	162	163	270	VL	0
red_panda_IGLV_29	1	75	76	99	100	150	151	159	160	263	VL	0
red_panda_IGLV_30	3	75	76	102	103	151	152	156	157	269	VL	0
red_panda_IGLV_31	3	75	76	102	103	151	152	156	157	269	VL	0
red_panda_IGLV_32	1	75	76	93	94	144	145	153	154	261	VL	0
red_panda_IGLV_33	2	75	76	93	94	144	145	153	154	261	VL	0
red_panda_IGLV_34	1	75	76	93	94	144	145	153	154	261	VL	0
red_panda_IGLV_35	1	75	76	93	94	144	145	153	154	261	VL	0
red_panda_IGLV_36	1	75	76	93	94	144	145	153	154	261	VL	0
red_panda_IGLV_37	1	75	76	102	103	153	154	162	163	270	VL	0
red_panda_IGLV_38	2	75	76	102	103	153	154	162	163	270	VL	0
red_panda_IGLV_39	1	75	76	102	103	153	154	174	175	288	VL	0
red_panda_IGLV_40	24	75	76	99	100	150	151	159	160	264	VL	0
red_panda_IGLV_41	1	75	76	102	103	153	154	162	163	270	VL	0
red_panda_IGLV_42	3	74	75	101	102	150	151	155	156	268	VL	0
red_panda_IGLV_43	3	75	76	102	103	151	152	156	157	269	VL	0
red_panda_IGLV_44	3	75	76	102	103	151	152	156	157	269	VL	0
red_panda_IGLV_45	3	75	76	102	103	159	160	162	163	275	VL	0
red_panda_IGLV_46	1	75	76	102	103	153	154	162	163	270	VL	0
