sloth_bear_IGHV_1	1	75	76	99	100	150	151	174	175	288	VH	0
sloth_bear_IGHV_2	1	75	76	99	100	150	151	174	175	288	VH	0
sloth_bear_IGHV_3	1	75	76	99	100	150	151	174	175	288	VH	0
sloth_bear_IGHV_4	1	75	76	99	100	150	151	171	172	285	VH	0
sloth_bear_IGHV_5	1	75	76	99	100	150	151	174	175	288	VH	0
sloth_bear_IGHV_6	1	75	76	99	100	150	151	171	172	285	VH	0
sloth_bear_IGHV_7	1	75	76	99	100	150	151	174	175	288	VH	0
sloth_bear_IGHV_8	1	75	76	99	100	150	151	174	175	288	VH	0
sloth_bear_IGHV_9	2	75	76	99	100	150	151	174	175	288	VH	0
sloth_bear_IGHV_10	1	75	76	99	100	150	151	171	172	285	VH	0
sloth_bear_IGHV_11	1	75	76	99	100	150	151	174	175	288	VH	0
sloth_bear_IGHV_12	2	75	76	99	100	150	151	174	175	288	VH	0
sloth_bear_IGHV_13	1	75	76	99	100	150	151	177	178	291	VH	0
sloth_bear_IGHV_14	1	75	76	99	100	150	151	174	175	288	VH	0
sloth_bear_IGHV_15	2	75	76	99	100	150	151	174	175	288	VH	0
sloth_bear_IGHV_16	1	75	76	99	100	150	151	177	178	291	VH	0
sloth_bear_IGHV_17	2	75	76	99	100	150	151	174	175	288	VH	0
sloth_bear_IGHV_18	1	75	76	99	100	150	151	174	175	288	VH	0
sloth_bear_IGHV_19	1	75	76	99	100	150	151	177	178	291	VH	0
sloth_bear_IGHV_20	1	75	76	99	100	150	151	174	175	288	VH	0
sloth_bear_IGHV_21	1	75	76	99	100	150	151	174	175	288	VH	0
sloth_bear_IGHV_22	1	75	76	99	100	150	151	177	178	291	VH	0
sloth_bear_IGKV_1	9	78	79	96	97	147	148	156	157	264	VK	0
sloth_bear_IGKV_2	1	78	79	111	112	162	163	171	172	279	VK	0
sloth_bear_IGKV_3	1	78	79	111	112	162	163	171	172	279	VK	0
sloth_bear_IGKV_4	1	78	79	111	112	162	163	171	172	279	VK	0
sloth_bear_IGKV_5	1	78	79	111	112	162	163	171	172	279	VK	0
sloth_bear_IGKV_6	1	78	79	96	97	147	148	156	157	264	VK	0
sloth_bear_IGKV_7	1	78	79	114	115	165	166	174	175	282	VK	0
sloth_bear_IGKV_8	5	78	79	111	112	162	163	171	172	279	VK	0
sloth_bear_IGKV_9	1	78	79	96	97	147	148	156	157	264	VK	0
sloth_bear_IGKV_10	1	78	79	111	112	162	163	171	172	279	VK	0
sloth_bear_IGKV_11	1	78	79	111	112	162	163	171	172	279	VK	0
sloth_bear_IGKV_12	7	78	79	111	112	162	163	171	172	279	VK	0
sloth_bear_IGKV_13	5	78	79	109	110	159	160	168	169	276	VK	0
sloth_bear_IGKV_14	5	78	79	111	112	162	163	171	172	279	VK	0
sloth_bear_IGKV_15	1	78	79	111	112	162	163	171	172	279	VK	0
sloth_bear_IGKV_16	1	78	79	111	112	162	163	171	172	279	VK	0
sloth_bear_IGKV_17	1	78	79	96	97	147	148	156	157	264	VK	0
sloth_bear_IGKV_18	1	78	79	111	112	162	163	171	172	279	VK	0
sloth_bear_IGKV_19	1	78	79	111	112	162	163	171	172	279	VK	0
sloth_bear_IGKV_20	1	78	79	96	97	147	148	156	157	264	VK	0
sloth_bear_IGLV_1	1	75	76	99	100	150	151	159	160	267	VL	0
sloth_bear_IGLV_2	1	75	76	102	103	153	154	174	175	288	VL	0
sloth_bear_IGLV_3	1	75	76	99	100	150	151	159	160	267	VL	0
sloth_bear_IGLV_4	1	75	76	102	103	153	154	174	175	288	VL	0
sloth_bear_IGLV_5	1	75	76	102	103	153	154	162	163	270	VL	0
sloth_bear_IGLV_6	1	75	76	102	103	153	154	174	175	288	VL	0
sloth_bear_IGLV_7	1	75	76	102	103	153	154	162	163	269	VL	0
sloth_bear_IGLV_8	1	75	76	102	103	153	154	174	175	288	VL	0
sloth_bear_IGLV_9	1	75	76	102	103	153	154	162	163	270	VL	0
sloth_bear_IGLV_10	1	75	76	102	103	153	154	162	163	270	VL	0
sloth_bear_IGLV_11	1	75	76	102	103	153	154	162	163	270	VL	0
sloth_bear_IGLV_12	1	75	76	102	103	153	154	162	163	270	VL	0
sloth_bear_IGLV_13	1	75	76	102	103	153	154	162	163	270	VL	0
sloth_bear_IGLV_14	5	75	76	102	103	153	154	162	163	270	VL	0
sloth_bear_IGLV_15	1	75	76	99	100	150	151	159	160	267	VL	0
sloth_bear_IGLV_16	1	75	76	102	103	153	154	162	163	270	VL	0
sloth_bear_IGLV_17	1	75	76	102	103	153	154	174	175	288	VL	0
sloth_bear_IGLV_18	1	75	76	99	100	150	151	159	160	267	VL	0
sloth_bear_IGLV_19	1	75	76	102	103	153	154	162	163	270	VL	0
sloth_bear_IGLV_20	1	75	76	102	103	153	154	162	163	270	VL	0
sloth_bear_IGLV_21	5	75	76	96	97	147	148	156	157	264	VL	0
sloth_bear_IGLV_22	1	75	76	99	100	150	151	159	160	264	VL	0
sloth_bear_IGLV_23	1	75	76	117	118	168	169	177	178	285	VL	0
sloth_bear_IGLV_24	1	75	76	89	90	138	139	159	160	272	VL	0
sloth_bear_IGLV_25	2	75	76	102	103	153	154	162	163	270	VL	0
sloth_bear_IGLV_26	2	75	76	102	103	153	154	162	163	270	VL	0
sloth_bear_IGLV_27	1	75	76	102	103	153	154	162	163	270	VL	0
sloth_bear_IGLV_28	1	75	76	102	103	153	154	162	163	270	VL	0
sloth_bear_IGLV_29	1	75	76	102	103	153	154	162	163	270	VL	0
sloth_bear_IGLV_30	1	75	76	102	103	153	154	162	163	270	VL	0
sloth_bear_IGLV_31	1	75	76	102	103	153	154	162	163	270	VL	0
sloth_bear_IGLV_32	1	75	76	102	103	153	154	162	163	270	VL	0
sloth_bear_IGLV_33	2	75	76	93	94	144	145	153	154	261	VL	0
sloth_bear_IGLV_34	1	75	76	93	94	144	145	153	154	261	VL	0
sloth_bear_IGLV_35	1	75	76	93	94	144	145	153	154	261	VL	0
sloth_bear_IGLV_36	1	75	76	93	94	144	145	153	154	261	VL	0
sloth_bear_IGLV_37	2	75	76	93	94	144	145	153	154	261	VL	0
sloth_bear_IGLV_38	1	75	76	93	94	144	145	153	154	261	VL	0
sloth_bear_IGLV_39	1	75	76	93	94	144	145	153	154	261	VL	0
sloth_bear_IGLV_40	1	75	76	93	94	144	145	153	154	261	VL	0
sloth_bear_IGLV_41	1	75	76	92	93	144	145	153	154	261	VL	0
sloth_bear_IGLV_42	1	75	76	93	94	144	145	153	154	261	VL	0
sloth_bear_IGLV_43	1	75	76	93	94	144	145	153	154	261	VL	0
sloth_bear_IGLV_44	1	75	76	93	94	144	145	153	154	261	VL	0
sloth_bear_IGLV_45	1	75	76	93	94	144	145	153	154	261	VL	0
sloth_bear_IGLV_46	1	75	76	93	94	144	145	153	154	261	VL	0
sloth_bear_IGLV_47	1	75	76	102	103	153	154	162	163	270	VL	0
sloth_bear_IGLV_48	1	75	76	102	103	153	154	162	163	270	VL	0
sloth_bear_IGLV_49	1	75	76	102	103	153	154	162	163	270	VL	0
sloth_bear_IGLV_50	1	75	76	102	103	153	154	174	175	288	VL	0
sloth_bear_IGLV_51	1	75	76	99	100	150	151	159	160	267	VL	0
sloth_bear_IGLV_52	1	75	76	102	103	153	154	162	163	270	VL	0
sloth_bear_IGLV_53	1	75	76	99	100	150	151	159	160	264	VL	0
sloth_bear_IGLV_54	2	75	76	102	103	153	154	162	163	270	VL	0
sloth_bear_IGLV_55	1	75	76	102	103	153	154	162	163	270	VL	0
sloth_bear_IGLV_56	1	75	76	102	103	153	154	162	163	270	VL	0
sloth_bear_IGLV_57	1	75	76	102	103	153	154	162	163	270	VL	0
